26.003456757
24.0357145387
19.4765482265
13.3836320503
7.1040375474
2.0830043471
-0.6348112294
-0.7960858801
1.2889906304
4.9063796058
9.1022746686
12.7327471271
14.6142270142
14.32346575
11.9721949165
8.4650056959
4.9783885997
2.399405356
1.3730575177
1.9253625401
3.8167625822
6.4569218636
9.0084738587
10.7030944332
10.8511964191
9.3270047371
6.5957332127
3.5114174838
0.996123104
0
1.126672029
4.5469982533
9.7476093411
15.7249486299
21.2201741566
24.922658232
18.1739521376
15.1613437588
11.7103888592
7.8380004901
4.1367020069
0.1092213787
0.7951022585
3.7442552197
7.4519983936
10.4385237422
12.5334915548
13.6677256691
14.4570048856
6.3593885365
4.4638992501
2.9329376263
2.612484095
3.7843660105
6.4152792457
9.9910806861
13.858734555
17.1536161965
18.9443458134
18.7486286572
16.622767247
12.6808695952
8.1567569455
4.3534188355
1.9706196406
1.6717900538
3.588402293
7.5839742262
12.5350286282
16.8082285052
19.4112488456
19.8193207949

